000145039544
000666491759
001952421960
002435404159
002590679335
002919772856
003012250570
005902972224
005971372966
006001007006
010171678588
011003010234
011506459775
012032075508
012507914564
013015899392
013805497725
014900578031
015684442000
017853382767
017998212518
018171534591
019133765874
020076929589
021172974335
022471184645
023010936144
023350447097
024621284147
024869092350
028077722022
029086697808
029236562218
030017700521
030174198271
031769048922
031993687647
032235176534
032966302801
034490178995
036105165946
037933012031
038331726383
039321828125
040254114703
041173894065
041590025087
042707538920
043335883082
044671205771
045369030945
045534060139
046622704381
048767231811
051373210540
051923116208
054002172917
054119351780
054449323268
054553621099
055533022078
056622220176
056717000121
057263478058
057536731062
058036196449
059779096684
060270608090
060324866363
061402261367
061429078645
062284217215
062798958180
063560019778
065950533616
068236907151
071778825631
072639000624
072880423883
073942718693
074899927614
074902264222
075582854239
077083052414
077381476881
078760932829
080806574330
081867279868
081892361724
081957362832
082143437089
082973585971
086940687038
089734773197
091067080398
091521727120
091537658314
091541531377
092492239406
095503851516
098073156766
099714099177
103981012784
105080946270
105711941520
106058230560
106258396277
107747239345
108949668038
109140561944
109299812145
110055632466
110962451331
112004128707
112097376153
112103210643
112684723802
113461418764
113833822346
114407086119
116346551326
118990491153
120169812329
121706171704
123158058544
125331852885
125587432412
125654049355
127076546352
127565679151
130440911838
130549538740
134011030344
136101434342
138720374200
138781679984
140093404010
141174948653
141472186207
142154520384
143893821307
144971454689
145329189217
145399751361
145854269927
150664059848
150966353415
154355650752
155557972564
156581793867
157458434546
157754031659
159662065352
160007806860
163060238556
163701675352
164039268632
167025832656
168037195903
168985725530
169101110651
170213567242
170716983224
172071795092
172563021398
172824924258
173409445501
173715732877
174585384857
175391217236
175397743818
176498663556
177783446741
178196280728
179511099608
180594521127
180831879912
181809430180
184583064037
184758854892
184975474075
185752622550
187315785409
187900235998
189185272231
189810276630
189840528585
194212873824
195382006381
196840332474
197952982509
198637697380
198885019076
199524271960
200859385567
201911252338
202930569478
204260758986
204679301013
210193803952
211850884042
212058694618
212730427701
213263090529
214325010584
215247604892
216291330656
216442049541
217189050736
217525102902
217584723663
218405935064
218855514074
218905559793
220872865352
221741571898
222125213248
223614003775
225208234493
225385418880
227773461152
227819236705
229034716467
229114653567
232525410420
233674349554
233871583234
234788554062
235775261932
239432304780
241213815880
241851845290
245073962835
246930100057
248568997932
249227205761
252401938338
252537794010
254591319042
255804657717
256539884719
257172667840
257634738481
257772597410
258374470805
258750713259
259055983816
259313573954
260401923022
261118036693
261296735277
261886176479
262045090488
263113402332
263402389498
263576490033
265101793160
266747527178
267768022519
269792035394
270142079628
273029951080
274233413642
274312403166
276351222354
276404563897
277387514735
277395643646
277531926047
278305930782
278723462663
280829577134
281035880619
281463859655
284440119228
284916803446
285299247422
286582320348
287675775747
288571586543
289103914256
291163764570
292550466839
293125681392
293185464369
293330948108
293606625757
293881899359
294297362329
294443783570
295714678492
295957936503
298108282830
298293221002
299772725047
300951638749
301450347307
303390345352
304336226120
304384626463
304891406610
305037869651
306672447310
307744016128
307918815408
308436264626
308680007754
310265239739
310479126507
311424487203
311666670908
312626926309
314194460653
314486281700
315739928379
316180943266
318657039935
318680489902
319400743619
320715954523
320877661324
325231448128
325611733556
327483927379
327537524968
328517886157
333192343983
333210524782
333837220062
335145100778
335255759214
336864911157
336867778871
339596745389
339840623414
341873400333
342576977938
345328086150
345820463317
346129653423
346443331266
346902136153
347220119230
351010487474
351166513802
351235109651
353671567467
355265382499
357035650104
358096995012
360607739467
360724076219
362669298346
364597894382
364624791646
365362373523
365911931592
367944360499
368657152661
369075482192
370458652857
370650508444
371413826371
371950338317
372674353219
373754251050
375078128120
376291826140
377180466148
378499979279
379737011479
381421058721
383360218090
383873179006
384749681607
385408118061
385895376128
386126840170
386904900783
387822224593
388751790762
389830983967
391003467084
392514252501
392975905354
394464871206
395089642250
395657391188
396473775490
397212646587
398294636390
400419228477
401056460464
401714912843
406983913423
407859868503
407999697310
409060512072
409558015177
409874672504
411752468379
411864253762
412090927665
413661910473
413754621915
414202906718
415724129719
416892281454
417467717843
418571389596
418852055653
418926143081
419734485257
420298364778
420860983341
423015903907
423900395561
424429222741
425315329719
428189676673
428603458860
428666171558
430259351181
431557429587
433572576383
434419345858
435747685192
436042784527
438629568725
438994798261
442734054145
442763000014
444003627544
446980381784
448549484102
450092467989
451475481889
451771564097
452017146319
452648602028
454450467264
455438166344
456346617650
458616855741
458798370565
461213553674
462353214690
464244218602
464444953200
465297450667
465984835434
466073467788
467060849805
467236830903
467571008575
470090564337
470421468499
474035003481
474811914176
474820293536
475227998079
475502216043
476959211872
478640000283
478724710514
479774194281
481082325856
482287750748
482654233637
482732936227
482790124546
483111643442
485603244896
485603876905
486929487336
487948187209
490945625238
491249579391
493125097415
494304877997
494745733799
494939080080
496542013331
496625301842
497018422873
499281531656
499589852615
500320468206
502155866815
504331472955
504531576786
507383796378
507417809905
507626467770
508208240030
508376099913
509085150605
510188471696
511021237308
511546508486
511980767988
512088500988
513785093583
514384909721
515597884164
516357085877
516907452026
517817661762
521523787107
522986458890
523206517662
524147035076
525152562324
525339438174
525485892896
526577496112
528582193492
531696764686
533639382174
534221596266
534314627288
536438929321
537801754735
539710192237
540281872351
540533243754
541737779381
544131498482
544382366435
545655036901
546861509028
548607207354
548790230131
548912073524
549145033358
549250196347
551211620181
553285639558
554972368052
558751589759
561606091351
562631162374
562650817717
563974400487
563980641175
564314273142
566095094772
566561991969
568578471490
569087231454
569233574548
569286597783
570518984084
570824880574
572197507178
573532476571
575367756570
577116286141
577441614642
578133158416
578210440517
578418215809
578636488413
578814960622
579709114071
579746233493
580054601637
580179123770
580658091416
582268326667
582549246178
583127229388
583594107156
583895093056
584571012862
585353883236
586035916913
586610440462
586787615535
587131332570
588151357542
588166870579
588282241644
589004778426
589217666834
589893484300
590685156130
591339611642
592195863976
592266199878
592373440181
592923831301
594683717025
595421483365
595483238954
595777922527
595845467382
596381717926
598356560242
599608732348
600012356354
600492927826
601806493050
602690167944
603769889029
606888474169
607193970911
607918696788
608420679676
608573795689
608660727550
611286731696
612318353179
613506221673
613899183583
616365506318
616465969568
616628722064
617495800144
618973614758
620268233651
620298292006
621249262444
621986868213
622142109619
625004591882
627951514685
630988173009
631631043135
634529807253
635300177882
635758608317
636813205220
637078460586
637443971334
637975696828
639455913815
640724026641
642380507499
642677785087
645040557285
646711729336
646812764153
647461918538
648461955901
649917715817
649961867680
649996880663
650185902220
650306834464
650807087802
652685672932
653611208725
654555827258
654874565981
655292350571
656080101618
656750025819
659633564777
667160623385
667524042420
668090043896
670124500641
670288049063
672037879041
673074117216
673176378674
675586315686
675721273515
676605675398
678782950125
681590191291
684829901217
685129608749
685668514987
686580278360
687019488952
687650383237
687675293322
687723080190
687866018174
689180687014
690215584313
691263566462
692208444666
692226395334
692998182682
694136351201
694365906391
694447119710
694529290148
696225012683
696904313740
697077240294
698478607321
698534186679
699716134513
699744938173
699831051616
703705127824
706058674489
706441121452
707778732400
709273156592
710774431308
712103919104
713498301770
713788217469
714325042321
714814670778
714834422882
715772226715
716739137570
718595623539
718710354528
719626695620
721269059063
725445378431
726795041316
727110024538
727141643207
727247471515
727515765650
728132421452
728160958418
728388805270
729973667951
730171399374
732387545739
733651191503
734117441492
734295652126
734502857219
734635887960
734701580800
735767114009
737267381754
738383569105
739440466279
740513134744
741450970932
744175115712
746049414219
746489955111
747704890581
748951371830
749262023699
750920631722
751281530342
751941623045
752093053430
754284646280
754328347588
754340582514
754395865922
754702107216
755524390752
755963510608
757746048206
757776319377
757867159587
760111233526
760367876656
761658698475
762827306523
763594115736
763916780463
764695044990
764853200966
766932131072
769820001807
770123247942
770495553646
771515331381
772129580022
772445698755
775519215947
778993063831
779649701309
780034681290
781179877084
782350832331
783932120621
785182366308
788609443307
791253934574
792652825567
794020575006
794141057267
794917199441
796717264453
796946404211
797399877974
798103606962
798278730416
798479265452
798514285480
798711959860
799196079927
799231643512
799309587537
799831230785
800908306114
801768152825
802655303574
802996575558
804052060813
806846904144
808221730436
808283574176
808552379591
809776344556
811496524245
813312529647
814173697416
817367739145
819255396647
819885367041
820797288063
821176144501
823110920756
823485162006
823793322070
823908424824
824370522974
824704705778
826410523564
826557674902
827845719186
832204240560
833365700589
834718579521
836745851113
836895901021
837851649863
838629640740
840177926538
842360059140
842880175547
843620911214
844033499362
844227307313
845993311228
847103327651
848150734784
848749315908
850168078475
850436257973
850608622378
851844528499
853332251443
856353083629
856900939475
856984443757
857683986335
858189183642
858648762950
859533852992
860575505553
860768186574
860802398134
861398018921
862059375541
862068006320
862161274555
864365657957
865059713967
865419100069
867068043167
867156965034
867770652702
868377577230
869313321493
870089259610
870215987467
871855149632
873700491797
875742198802
877031962877
877161148284
879355406395
879937946263
881477279789
882430818912
882762471768
882951668781
883065995802
884047637103
884240685416
884727918157
886073434583
887518638910
889243056814
889580517245
890194273368
892412827967
892480234949
893486404839
894868310762
895313283080
895825822450
895960912735
896477687482
896814202482
897207846772
898197873294
898722797267
900665744467
902311668778
903391826527
903842315121
903926247356
904847270075
905176062695
907481372636
910913925583
910979254255
912406409579
913404641074
914001580928
915985904632
916172471615
918729871961
923536828941
924378636160
924425710064
924954205796
925566628162
926779482412
928901674965
929512595131
930114080302
931183929677
931197154669
931446387369
933348787832
934318219870
935344552203
935832215935
936209232964
936564337295
937017348561
937044753224
938331110563
939483903784
940434112027
940924477135
942480975117
942720436374
942955836991
943690394155
945726298610
946461062812
948260918957
949972332137
953009190160
953203738577
954123000420
954645966075
954828930909
955245492103
955397080654
957770766781
961021831867
961353362159
961441875858
962433786726
963633547184
964561336193
965492279231
965554731450
966685590899
968923869578
969279965242
969468830060
970178528407
972196500565
973412409308
973905811259
974271891174
974597026012
975064095582
976806425929
977984801001
980814002708
983163366079
983968338307
985050868252
985667029688
986184227698
989234760787
989366904538
990054848462
990527708007
992799205826
993125547863
993782678132
995227434785
999167421794
999184837096
